chr p0 p1 gene R2 Zscore.classic p.classic beta_alt se_alt p_alt n_used_snp n_snp
2 211052663 211090215 ACADL 0.00287135638093083 NA NA NA NA NA 0 109
2 264140 278283 ACP1 0.397271055955997 NA NA NA NA NA 0 15
2 148602086 148688393 ACVR2A 0.00180978135456982 NA NA NA NA NA 0 111
2 54197975 54532437 ACYP2 0.0957655868884519 NA NA NA NA NA 0 17
2 9628615 9695921 ADAM17 0.00389040617542438 NA NA NA NA NA 0 221
2 207308263 207485851 ADAM23 0.244501262435686 NA NA NA NA NA 0 23
2 3501132 3523507 ADI1 0.00333799592586241 NA NA NA NA NA 0 324
2 228336868 228425930 AGFG1 0.0707566620728386 NA NA NA NA NA 0 15
2 29415640 30144432 ALK 0.0015068700422139 NA NA NA NA NA 0 192
2 233320833 233324742 ALPI 0.00185363822926434 NA NA NA NA NA 0 157
2 233243244 233247599 ALPP 0.0817588600989909 NA NA NA NA NA 0 163
2 233271553 233275424 ALPPL2 0.0624021392243135 NA NA NA NA NA 0 160
2 128619204 128643496 AMMECR1L 0.00109606504096333 NA NA NA NA NA 0 136
2 69240310 69476459 ANTXR1 0.00725205443954626 NA NA NA NA NA 0 172
2 69871557 70053596 ANXA4 0.0760719323338842 NA NA NA NA NA 0 17
2 21224301 21266945 APOB 0.012179082824518 NA NA NA NA NA 0 193
2 68906733 69053965 ARHGAP25 0.0584512979532095 NA NA NA NA NA 0 17
2 152645498 152685006 ARL5A 0.00316180280663029 NA NA NA NA NA 0 110
2 9346894 9545812 ASAP2 0.00207480307566992 NA NA NA NA NA 0 145
2 220378892 220403494 ASIC4 0.00197753541081323 NA NA NA NA NA 0 197
2 96789589 96804175 ASTL 0.00167783276932901 NA NA NA NA NA 0 42
2 242576628 242613272 ATG4B 0.00151174039900622 NA NA NA NA NA 0 105
2 168675182 168730551 B3GALT1 0.00609443742864349 NA NA NA NA NA 0 187
2 62423248 62451866 B3GNT2 0.0556190115497161 NA NA NA NA NA 0 30
2 215590370 215674428 BARD1 0.00409384440549151 NA NA NA NA NA 0 144
2 111876955 111926024 BCL2L11 0.00268803373919364 NA NA NA NA NA 0 144
2 127805603 127864931 BIN1 0.0219225123160506 NA NA NA NA NA 0 208
2 69092613 69098649 BMP10 0.00450329172639812 NA NA NA NA NA 0 175
2 203241659 203432474 BMPR2 0.00135141811587293 NA NA NA NA NA 0 127
2 74362525 74375121 BOLA3 0.00970349336404598 NA NA NA NA NA 0 102
2 111395275 111435691 BUB1 0.000841425469733458 NA NA NA NA NA 0 91
2 68268262 68338080 C1D 0.000395086737058821 NA NA NA NA NA 0 215
2 119913819 119916465 C1QL2 0.00584019758765108 NA NA NA NA NA 0 234
2 106679702 106694615 C2orf40 0.0015538088061615 NA NA NA NA NA 0 220
2 197669726 197675000 C2orf66 0.00277790485177162 NA NA NA NA NA 0 115
2 231577560 231685790 CAB39 0.0216143784372913 NA NA NA NA NA 0 19
2 152689290 152955593 CACNB4 0.00403319107450766 NA NA NA NA NA 0 98
2 85621871 85645555 CAPG 0.098301693851534 NA NA NA NA NA 0 16
2 202047604 202094129 CASP10 0.00143610005373276 NA NA NA NA NA 0 113
2 202098166 202152434 CASP8 0.0024309154971377 NA NA NA NA NA 0 77
2 228678558 228682272 CCL20 0.0044971197628111 NA NA NA NA NA 0 236
2 73460548 73480149 CCT7 0.0013549156706986 NA NA NA NA NA 0 79
2 71057347 71062953 CD207 0.00432234136766309 NA NA NA NA NA 0 219
2 87011729 87035519 CD8A 0.0844267762929275 NA NA NA NA NA 0 15
2 87042462 87089047 CD8B 0.00422736047704739 NA NA NA NA NA 0 65
2 131350339 131357123 CFC1 0.00110150293021188 NA NA NA NA NA 0 80
2 27321757 27341995 CGREF1 0.00343848234662288 NA NA NA NA NA 0 104
2 68511303 68547183 CNRIP1 0.20815086989805 NA NA NA NA NA 0 30
2 124782864 125672864 CNTNAP5 0.0020151648690167 NA NA NA NA NA 0 135
2 189839046 189877472 COL3A1 0.0055481042333627 NA NA NA NA NA 0 85
2 238232646 238323018 COL6A3 0.0345940952634386 NA NA NA NA NA 0 204
2 3642426 3692048 COLEC11 0.133854919192251 NA NA NA NA NA 0 25
2 62115859 62374382 COMMD1 0.00409946436798702 NA NA NA NA NA 0 123
2 232646381 232673963 COPS7B 0.00232657198958152 NA NA NA NA NA 0 162
2 98262503 98264846 COX5B 0.001740619338509 NA NA NA NA NA 0 49
2 42560686 42652228 COX7A2L 0.000778300948189047 NA NA NA NA NA 0 153
2 36583069 36784311 CRIM1 0.00285346953894828 NA NA NA NA NA 0 257
2 46843555 46852881 CRIPT 0.0021419199702175 NA NA NA NA NA 0 310
2 208986331 208989225 CRYGD 0.00207377300259166 NA NA NA NA NA 0 179
2 204732509 204738683 CTLA4 0.00237304482517947 NA NA NA NA NA 0 187
2 79412357 80875905 CTNNA2 0.00155596618416919 NA NA NA NA NA 0 238
2 225334867 225450110 CUL3 0.00380796357528804 NA NA NA NA NA 0 143
2 158271131 158345473 CYTIP 0.00177994349996888 NA NA NA NA NA 0 119
2 136664247 136743670 DARS 0.033472456287081 NA NA NA NA NA 0 16
2 120124497 120130126 DBI 0.112128738201831 NA NA NA NA NA 0 15
2 220283099 220291461 DES 0.00295202415670009 NA NA NA NA NA 0 173
2 169921299 169952677 DHRS9 0.00175677482551742 NA NA NA NA NA 0 247
2 220143989 220151622 DNAJB2 0.0021053305668491 NA NA NA NA NA 0 147
2 183580999 183659191 DNAJC10 0.0259047533109108 NA NA NA NA NA 0 139
2 25166505 25194963 DNAJC27 0.0024171214009864 NA NA NA NA NA 0 104
2 230222345 230579274 DNER 0.06648926584668 NA NA NA NA NA 0 214
2 74776153 74784681 DOK1 0.00759149463742677 NA NA NA NA NA 0 165
2 115199876 116603328 DPP10 0.00256164832486024 NA NA NA NA NA 0 169
2 162848751 162931052 DPP4 0.00962694632718721 NA NA NA NA NA 0 93
2 32092878 32264881 DPY30 0.0214709769896125 NA NA NA NA NA 0 15
2 27070615 27173219 DPYSL5 0.00375090817608533 NA NA NA NA NA 0 140
2 242615157 242626406 DTYMK 0.049149718172938 NA NA NA NA NA 0 27
2 241499471 241503431 DUSP28 0.081178669063414 NA NA NA NA NA 0 16
2 233344537 233352538 ECEL1 0.00225661632833709 NA NA NA NA NA 0 158
2 109510927 109605828 EDAR 0.0838930344903395 NA NA NA NA NA 0 15
2 207024309 207027652 EEF1B2 0.0030856875768776 NA NA NA NA NA 0 208
2 56093102 56151274 EFEMP1 0.0744498413303441 NA NA NA NA NA 0 174
2 233470767 233547491 EFHD1 0.00554596204291484 NA NA NA NA NA 0 197
2 62900986 63273622 EHBP1 0.00189208905743166 NA NA NA NA NA 0 121
2 233414762 233448354 EIF4E2 0.00197126052818829 NA NA NA NA NA 0 180
2 222282747 222438922 EPHA4 0.0804517163837092 NA NA NA NA NA 0 121
2 212240446 213403565 ERBB4 0.00182089734792759 NA NA NA NA NA 0 209
2 54014181 54045956 ERLEC1 0.0190913741134341 NA NA NA NA NA 0 154
2 88422510 88427635 FABP1 0.030655903087325 NA NA NA NA NA 0 16
2 279558 288851 FAM150B 0.00188266388829204 NA NA NA NA NA 0 132
2 187558698 187630685 FAM171B 0.024317139660433 NA NA NA NA NA 0 66
2 58386378 58468507 FANCL 0.0013608959743614 NA NA NA NA NA 0 95
2 163027194 163101661 FAP 0.0330839600499049 NA NA NA NA NA 0 15
2 219845809 219850379 FEV 0.00186374036064102 NA NA NA NA NA 0 96
2 24272571 24286551 FKBP1B 0.160634247169376 NA NA NA NA NA 0 41
2 179328391 179343327 FKBP7 0.153387756366796 NA NA NA NA NA 0 15
2 216225163 216300895 FN1 0.0319859027510419 NA NA NA NA NA 0 16
2 27714750 27718112 FNDC4 0.000855238520102743 NA NA NA NA NA 0 71
2 183698002 183731890 FRZB 0.167729184697285 NA NA NA NA NA 0 15
2 171669723 171717661 GAD1 0.0037714233760115 NA NA NA NA NA 0 210
2 154728426 155310361 GALNT13 0.0107658595588003 NA NA NA NA NA 0 121
2 166604101 166651192 GALNT3 0.00692559765779938 NA NA NA NA NA 0 102
2 163175350 163228105 GCA 0.0639050970555674 NA NA NA NA NA 0 17
2 162999392 163008914 GCG 0.00195619760195099 NA NA NA NA NA 0 105
2 27719709 27746554 GCKR 0.0207954711422347 NA NA NA NA NA 0 67
2 20866424 20873418 GDF7 0.00737007129659624 NA NA NA NA NA 0 259
2 69201705 69208106 GKN1 0.000638073860270974 NA NA NA NA NA 0 180
2 69172364 69180102 GKN2 0.103005816405234 NA NA NA NA NA 0 15
2 85912298 85925977 GNLY 0.202881952127797 NA NA NA NA NA 0 17
2 241375088 241407493 GPC1 0.12268424691767 NA NA NA NA NA 0 16
2 27851114 27874375 GPN1 0.0024844451943808 NA NA NA NA NA 0 69
2 165349322 165478358 GRB14 0.00353200778548225 NA NA NA NA NA 0 112
2 189156396 189460653 GULP1 0.00186784803798856 NA NA NA NA NA 0 66
2 42994229 43019733 HAAO 0.00216676070258167 NA NA NA NA NA 0 191
2 172778958 172848599 HAT1 0.00173958198317295 NA NA NA NA NA 0 175
2 242166679 242256476 HDLBP 0.00344693272599909 NA NA NA NA NA 0 170
2 191054461 191208919 HIBCH 0.267280224346914 NA NA NA NA NA 0 15
2 75061108 75120486 HK2 0.0178338883808429 NA NA NA NA NA 0 16
2 10443015 10567743 HPCAL1 0.0117462651797479 NA NA NA NA NA 0 323
2 128994290 129076151 HS6ST1 0.0485622285612387 NA NA NA NA NA 0 200
2 64681103 64688515 HSPC159 0.0369545259339661 NA NA NA NA NA 0 34
2 198351305 198381461 HSPD1 0.00194655178659747 NA NA NA NA NA 0 89
2 198364718 198368181 HSPE1 0.00232187110066323 NA NA NA NA NA 0 85
2 74756504 74760472 HTRA2 0.00204637430873925 NA NA NA NA NA 0 32
2 8818975 8824583 ID2 0.00154443939383124 NA NA NA NA NA 0 222
2 209100951 209130798 IDH1 0.116876959821758 NA NA NA NA NA 0 15
2 217497551 217529159 IGFBP2 0.00797340237368973 NA NA NA NA NA 0 32
2 219919142 219925189 IHH 0.00418889120094735 NA NA NA NA NA 0 107
2 102927989 103015218 IL18R1 0.310659043508145 NA NA NA NA NA 0 15
2 103035149 103069025 IL18RAP 0.0283711820647624 NA NA NA NA NA 0 18
2 113531492 113542167 IL1A 0.00220969597020668 NA NA NA NA NA 0 142
2 113587328 113594480 IL1B 0.00350917338099469 NA NA NA NA NA 0 154
2 113825547 113833427 IL1F10 0.0036334023441867 NA NA NA NA NA 0 163
2 113816215 113822959 IL1F5 0.00129465752597596 NA NA NA NA NA 0 172
2 102681004 102796334 IL1R1 0.0422858982641585 NA NA NA NA NA 0 17
2 102608306 102645006 IL1R2 0.124186145155867 NA NA NA NA NA 0 17
2 102927962 102968497 IL1RL1 0.242961962772309 NA NA NA NA NA 0 16
2 102803433 102856462 IL1RL2 0.0711256511038575 NA NA NA NA NA 0 15
2 113864791 113891593 IL1RN 0.12332300428099 NA NA NA NA NA 0 105
2 113763038 113765621 IL36A 0.00290611857529459 NA NA NA NA NA 0 170
2 113779668 113810444 IL36B 0.00298210605461317 NA NA NA NA NA 0 165
2 113730780 113743242 IL36G 0.00218835894273974 NA NA NA NA NA 0 169
2 113670548 113676459 IL37 0.00251478205220335 NA NA NA NA NA 0 174
2 121103719 121109384 INHBB 0.00446074737030204 NA NA NA NA NA 0 189
2 160956177 161128399 ITGB6 0.00153712907844008 NA NA NA NA NA 0 110
2 231729354 231743963 ITM2C 0.00211370819940276 NA NA NA NA NA 0 235
2 96991069 96994091 ITPRIPL1 0.00134347740897572 NA NA NA NA NA 0 55
2 11052063 11054350 KCNF1 0.0047185219337578 NA NA NA NA NA 0 295
2 95963052 96051825 KCNIP3 0.000423779557619575 NA NA NA NA NA 0 44
2 143635067 143799890 KYNU 0.223667062493044 NA NA NA NA NA 0 15
2 211295973 211342376 LANCL1 0.0137735332877396 NA NA NA NA NA 0 122
2 136545410 136594750 LCT 0.204902360238358 NA NA NA NA NA 0 66
2 48859428 48982880 LHCGR 0.00414018620100698 NA NA NA NA NA 0 194
2 97371666 97405801 LMAN2L 0.0298941338805239 NA NA NA NA NA 0 66
2 74759541 74782817 LOXL3 0.0083742159909265 NA NA NA NA NA 0 15
2 140988992 142889270 LRP1B 0.00290914067300329 NA NA NA NA NA 0 163
2 169983619 170219195 LRP2 0.00135120414651993 NA NA NA NA NA 0 234
2 80515483 80531874 LRRTM1 0.00262675949108332 NA NA NA NA NA 0 229
2 76974845 77820445 LRRTM4 0.00274141907047567 NA NA NA NA NA 0 231
2 160628362 160761260 LY75 0.380301200638492 NA NA NA NA NA 0 26
2 99900701 99921205 LYG1 0.000592521487492553 NA NA NA NA NA 0 22
2 99858709 99871745 LYG2 0.000959226514526003 NA NA NA NA NA 0 76
2 133402426 133429152 LYPD1 0.00226604569280578 NA NA NA NA NA 0 203
2 39476407 39664453 MAP4K3 0.00191971432926343 NA NA NA NA NA 0 83
2 27193480 27250064 MAPRE3 0.0021155321381587 NA NA NA NA NA 0 132
2 119699742 119752236 MARCO 0.00303025027572939 NA NA NA NA NA 0 227
2 20191872 20212455 MATN3 0.281612567755073 NA NA NA NA NA 0 17
2 71336814 71357369 MCEE 0.00670238076752149 NA NA NA NA NA 0 241
2 136597196 136633996 MCM6 0.000944981624535038 NA NA NA NA NA 0 73
2 63815743 63834331 MDH1 0.0474609993609947 NA NA NA NA NA 0 61
2 32090129 32236299 MEMO1 0.00176030429941223 NA NA NA NA NA 0 63
2 99235569 99347589 MGAT4A 0.0013022697977096 NA NA NA NA NA 0 102
2 74379655 74406025 MOB1A 0.00243583688307903 NA NA NA NA NA 0 99
2 198365137 198415450 MOBKL3 0.000834575819904476 NA NA NA NA NA 0 15
2 216809213 216898819 MREG 0.00437872390515401 NA NA NA NA NA 0 238
2 27994584 28210954 MRPL33 0.00210404758404829 NA NA NA NA NA 0 73
2 47630108 47789450 MSH2 0.00331571808069917 NA NA NA NA NA 0 280
2 190920423 190927455 MSTN 0.00428850467578466 NA NA NA NA NA 0 129
2 74425689 74444692 MTHFD2 0.00287723589006238 NA NA NA NA NA 0 106
2 177134123 177202753 MTX2 0.0044518967772102 NA NA NA NA NA 0 221
2 191511472 191557492 NAB1 0.00128721863315208 NA NA NA NA NA 0 112
2 71291474 71306935 NAGK 0.125211324987254 NA NA NA NA NA 0 15
2 106361354 106510730 NCK2 0.0300276826090154 NA NA NA NA NA 0 21
2 232318242 232348352 NCL 0.00302759098320775 NA NA NA NA NA 0 199
2 69622882 69664760 NFU1 0.00550609897751138 NA NA NA NA NA 0 16
2 219940039 220025587 NHEJ1 0.00198671996533144 NA NA NA NA NA 0 124
2 152126979 152146571 NMI 0.0150880687624424 NA NA NA NA NA 0 17
2 101086944 101099742 NMS 0.00133973378659404 NA NA NA NA NA 0 157
2 27650657 27665126 NRBP1 0.00122059091306329 NA NA NA NA NA 0 41
2 206546714 206662857 NRP2 0.0641627133001003 NA NA NA NA NA 0 250
2 50145643 51259674 NRXN1 0.00335981018293594 NA NA NA NA NA 0 129
2 139428342 139537918 NXPH2 0.00308086626214637 NA NA NA NA NA 0 134
2 10580094 10588630 ODC1 0.00256300907463837 NA NA NA NA NA 0 338
2 174937175 175113426 OLA1 0.133633080330516 NA NA NA NA NA 0 17
2 60983365 61029220 PAPOLG 0.00204773533190272 NA NA NA NA NA 0 166
2 70314585 70316332 PCBP1 0.00124398416052429 NA NA NA NA NA 0 117
2 70484518 70508323 PCYOX1 0.231398472578695 NA NA NA NA NA 0 15
2 242792033 242801060 PDCD1 0.00118675324136049 NA NA NA NA NA 0 77
2 178487980 178973066 PDE11A 0.00133224091009101 NA NA NA NA NA 0 98
2 183004763 183387919 PDE1A 0.00201174044840263 NA NA NA NA NA 0 129
2 232597135 232650982 PDE6D 0.00166620216039871 NA NA NA NA NA 0 163
2 10923517 10978103 PDIA6 0.00326391982476974 NA NA NA NA NA 0 324
2 173420101 173489823 PDK1 0.00172548135919786 NA NA NA NA NA 0 238
2 216861052 216947678 PECR 0.00297715847365381 NA NA NA NA NA 0 235
2 42275160 42285668 PKDCC 0.0461632935626037 NA NA NA NA NA 0 57
2 160788519 160919121 PLA2R1 0.29418600369236 NA NA NA NA NA 0 61
2 68592305 68624585 PLEK 0.102246716636172 NA NA NA NA NA 0 15
2 25383722 25391772 POMC 0.00248461070304538 NA NA NA NA NA 0 119
2 170440850 170497916 PPIG 0.00382276525354215 NA NA NA NA NA 0 141
2 68405989 68483369 PPP3R1 0.0047194935750601 NA NA NA NA NA 0 213
2 238475217 238475818 PRLH 0.00442029797170063 NA NA NA NA NA 0 217
2 128176003 128186822 PROC 0.00514961640061049 NA NA NA NA NA 0 152
2 120517207 120741394 PTPN4 0.00200220270630203 NA NA NA NA NA 0 108
2 1635659 1748624 PXDN 0.0323779296508774 NA NA NA NA NA 0 73
2 37571717 37600465 QPCT 0.0457904181328352 NA NA NA NA NA 0 15
2 238482965 238510257 RAB17 0.00121199546567735 NA NA NA NA NA 0 222
2 65297835 65357240 RAB1A 0.0272104386496367 NA NA NA NA NA 0 17
2 238767536 238820756 RAMP1 0.00352387737773355 NA NA NA NA NA 0 234
2 28004231 28113965 RBKS 0.00312470428946972 NA NA NA NA NA 0 77
2 79347488 79350545 REG1A 0.0812938464283166 NA NA NA NA NA 0 59
2 79312156 79315145 REG1B 0.0835582568021265 NA NA NA NA NA 0 38
2 79384132 79386879 REG3A 0.0368486651687772 NA NA NA NA NA 0 57
2 79252812 79255631 REG3G 0.171584073271713 NA NA NA NA NA 0 46
2 20646835 20649200 RHOB 0.00209334359265902 NA NA NA NA NA 0 278
2 3592383 3606206 RNASEH1 0.00380416786738578 NA NA NA NA NA 0 303
2 151324709 151395525 RND3 0.00522677920785863 NA NA NA NA NA 0 232
2 101887681 101925163 RNF149 0.0017598857245016 NA NA NA NA NA 0 173
2 11319887 11488456 ROCK2 0.00266099775510007 NA NA NA NA NA 0 314
2 210867289 210886300 RPE 0.0102079523444268 NA NA NA NA NA 0 80
2 88991162 89050452 RPIA 0.0250038151824866 NA NA NA NA NA 0 18
2 55459039 55462989 RPS27A 0.00265153142923975 NA NA NA NA NA 0 130
2 3622795 3628509 RPS7 0.00223876150785606 NA NA NA NA NA 0 312
2 219433303 219461803 RQCD1 0.00157404481302315 NA NA NA NA NA 0 73
2 10262455 10271545 RRM2 0.00433540796979608 NA NA NA NA NA 0 367
2 200134223 200335989 SATB2 0.00205861415221634 NA NA NA NA NA 0 74
2 97525453 97536494 SEMA4C 0.00202369461327328 NA NA NA NA NA 0 61
2 74881355 74909186 SEMA4F 0.00177435481618042 NA NA NA NA NA 0 161
2 110300559 110371783 SEPT10 0.000668233081663205 NA NA NA NA NA 0 124
2 224839829 224904036 SERPINE2 0.327045445352166 NA NA NA NA NA 0 15
2 85884437 85895864 SFTPB 0.141336240843923 NA NA NA NA NA 0 15
2 73169165 73302747 SFXN5 0.000805703791328961 NA NA NA NA NA 0 74
2 27476552 27498685 SLC30A3 0.0010319060413608 NA NA NA NA NA 0 58
2 44502599 44548633 SLC3A1 0.00192930039873127 NA NA NA NA NA 0 165
2 70508494 70520903 SNRPG 0.00253678941650216 NA NA NA NA NA 0 138
2 27593389 27599995 SNX17 0.000781432724755689 NA NA NA NA NA 0 70
2 39208537 39351486 SOS1 0.00084882694197276 NA NA NA NA NA 0 102
2 32288680 32382706 SPAST 0.00182080323445978 NA NA NA NA NA 0 60
2 73114489 73119287 SPR 0.000853335786758607 NA NA NA NA NA 0 72
2 38970741 38978636 SRSF7 0.00402101953041517 NA NA NA NA NA 0 134
2 170648443 170668574 SSB 0.00076800002032162 NA NA NA NA NA 0 171
2 86066267 86116137 ST3GAL5 0.00364640997050782 NA NA NA NA NA 0 33
2 74056086 74100786 STAMBP 0.00827585707175743 NA NA NA NA NA 0 93
2 191829084 191885686 STAT1 0.00562266290550995 NA NA NA NA NA 0 18
2 220110177 220115059 STK16 0.00489823919036432 NA NA NA NA NA 0 118
2 196998290 197041227 STK17B 0.000568253839752165 NA NA NA NA NA 0 16
2 108905095 108926371 SULT1C2 0.00626797701614303 NA NA NA NA NA 0 124
2 161993419 162092732 TANK 0.00614098710345385 NA NA NA NA NA 0 96
2 188328957 188430487 TFPI 0.0104616811257259 NA NA NA NA NA 0 18
2 202484907 202508293 TMEM237 0.0027566878869671 NA NA NA NA NA 0 180
2 112812800 112876895 TMEM87B 0.00225722244757704 NA NA NA NA NA 0 110
2 152214106 152236560 TNFAIP6 0.169108764558509 NA NA NA NA NA 0 18
2 24300303 24308731 TP53I3 0.253877353037435 NA NA NA NA NA 0 91
2 1377995 1547483 TPO 0.00284890350767549 NA NA NA NA NA 0 250
2 73956231 73964527 TPRKB 0.00315230473746703 NA NA NA NA NA 0 101
2 85048774 85134132 TRABD2A 0.00539774375453787 NA NA NA NA NA 0 66
2 12857015 12882860 TRIB2 0.00545628551872371 NA NA NA NA NA 0 244
2 122494679 122525429 TSN 0.00109208111996409 NA NA NA NA NA 0 102
2 113239731 113299316 TTL 0.00124724294436537 NA NA NA NA NA 0 117
2 179390716 179695529 TTN 0.00181612669868994 NA NA NA NA NA 0 109
2 238875469 238951236 UBE2F 0.00861650948337804 NA NA NA NA NA 0 16
2 136499189 136542625 UBXN4 0.0010864621668856 NA NA NA NA NA 0 50
2 64068074 64118696 UGP2 0.00289830496245036 NA NA NA NA NA 0 89
2 234668894 234681945 UGT1A1 0.161641715440093 NA NA NA NA NA 0 15
2 234600253 234681946 UGT1A6 0.0784420139442322 NA NA NA NA NA 0 15
2 234526291 234681956 UGT1A8 0.00508230610549864 NA NA NA NA NA 0 230
2 106709759 106810795 UXS1 0.0324094307015924 NA NA NA NA NA 0 47
2 85788685 85809154 VAMP8 0.00402785670087089 NA NA NA NA NA 0 205
2 36923833 37041935 VIT 0.227182424763256 NA NA NA NA NA 0 47
2 72228814 72229176 VPS24 0.034842370892741 NA NA NA NA NA 0 23
2 17720393 17838285 VSNL1 0.00128333219590024 NA NA NA NA NA 0 146
2 215275789 215443683 VWC2L 0.00212621539964242 NA NA NA NA NA 0 152
2 219745085 219764303 WNT10A 0.00160171322320158 NA NA NA NA NA 0 84
2 31557187 31637581 XDH 0.00218387960279411 NA NA NA NA NA 0 196
2 9724101 9771143 YWHAQ 0.00263662590047402 NA NA NA NA NA 0 255
2 98330023 98356325 ZAP70 0.00210104584048239 NA NA NA NA NA 0 54
