chr p0 p1 gene R2 Zscore.classic p.classic beta_alt se_alt p_alt n_used_snp n_snp
17 7120444 7128592 ACADVL 0.00363900271497841 NA NA NA NA NA 0 558
17 61554422 61599209 ACE 0.173076743106024 NA NA NA NA NA 0 234
17 40023160 40086795 ACLY 0.00128075037251314 NA NA NA NA NA 0 239
17 48503519 48552206 ACSF2 0.00374362088681582 NA NA NA NA NA 0 455
17 42836399 42859214 ADAM11 0.000212959142598117 NA NA NA NA NA 0 229
17 19641297 19652256 ALDH3A1 0.00694618155101115 NA NA NA NA NA 0 210
17 26900133 26904282 ALDOC 0.0081159435811963 NA NA NA NA NA 0 15
17 7942335 7952452 ALOX15B 0.0033338225173442 NA NA NA NA NA 0 439
17 40996617 41002724 AOC2 0.00502928863530565 NA NA NA NA NA 0 17
17 64208151 64252643 APOH 0.0290680933245586 NA NA NA NA NA 0 415
17 79825597 79829282 ARHGDIA 0.000439081984232913 NA NA NA NA NA 0 497
17 41476327 41478505 ARL4D 0.00211234038516526 NA NA NA NA NA 0 206
17 7076750 7082883 ASGR1 0.0110052416799715 NA NA NA NA NA 0 554
17 7004641 7019019 ASGR2 0.00226415530205227 NA NA NA NA NA 0 553
17 3375668 3406713 ASPA 0.000687729629552306 NA NA NA NA NA 0 609
17 7549945 7561086 ATP1B2 0.063813985963568 NA NA NA NA NA 0 477
17 3827169 3867736 ATP2A3 0.000336190103954413 NA NA NA NA NA 0 607
17 8108056 8113918 AURKB 0.000829024809821271 NA NA NA NA NA 0 476
17 63524681 63557765 AXIN2 0.000892329766173622 NA NA NA NA NA 0 345
17 79008948 79091232 BAIAP2 0.00108804241843447 NA NA NA NA NA 0 526
17 40962152 40985367 BECN1 0.000399814375958497 NA NA NA NA NA 0 191
17 76210267 76221717 BIRC5 0.000615524330105806 NA NA NA NA NA 0 788
17 28575218 28619074 BLMH 0.00023893015620574 NA NA NA NA NA 0 123
17 65821640 65980494 BPTF 0.00117476751897093 NA NA NA NA NA 0 490
17 54869274 54916134 C17orf67 0.000939670528354736 NA NA NA NA NA 0 541
17 35732928 35749662 C17orf78 0.000547339273217957 NA NA NA NA NA 0 390
17 79213039 79215081 C17orf89 0.000746193795508904 NA NA NA NA NA 0 490
17 5336097 5352150 C1QBP 0.00124099721820067 NA NA NA NA NA 0 582
17 43037061 43045439 C1QL1 0.0284785163961287 NA NA NA NA NA 0 235
17 77018896 77045870 C1QTNF1 0.000699004949267727 NA NA NA NA NA 0 861
17 49707674 50237377 CA10 0.031468516965521 NA NA NA NA NA 0 359
17 58227297 58248260 CA4 0.000517517661923421 NA NA NA NA NA 0 134
17 46908350 46943884 CALCOCO2 0.00374140775207189 NA NA NA NA NA 0 260
17 3763609 3798185 CAMKK1 0.000692983058301831 NA NA NA NA NA 0 644
17 76987799 77005949 CANT1 0.000623233315709961 NA NA NA NA NA 0 859
17 46147414 46178883 CBX1 0.000653346868208296 NA NA NA NA NA 0 208
17 32687347 32690250 CCL1 0.000220855448910077 NA NA NA NA NA 0 533
17 32612687 32615353 CCL11 0.0113803552272164 NA NA NA NA NA 0 529
17 32683471 32685629 CCL13 0.000828132301334084 NA NA NA NA NA 0 547
17 34310327 34329100 CCL14 0.0740100241570908 NA NA NA NA NA 0 397
17 34323476 34329084 CCL15 0.145489636264903 NA NA NA NA NA 0 386
17 34303529 34308532 CCL16 0.202391873084506 NA NA NA NA NA 0 377
17 34391640 34399392 CCL18 0.122363837238071 NA NA NA NA NA 0 388
17 32582304 32584222 CCL2 0.000653167443269603 NA NA NA NA NA 0 535
17 34340096 34345005 CCL23 0.0799769392421135 NA NA NA NA NA 0 396
17 34415602 34417515 CCL3 0.0357763135058433 NA NA NA NA NA 0 392
17 34623842 34625731 CCL3L1 0.00197715172741954 NA NA NA NA NA 0 390
17 34538284 34540280 CCL4L1 0.0268252424399336 NA NA NA NA NA 0 271
17 34198495 34207812 CCL5 0.028821873720627 NA NA NA NA NA 0 346
17 32597240 32599261 CCL7 0.160110707557674 NA NA NA NA NA 0 531
17 32646055 32648421 CCL8 0.461776402733382 NA NA NA NA NA 0 529
17 72462555 72480933 CD300A 0.170052404406502 NA NA NA NA NA 0 577
17 72537247 72542282 CD300C 0.0354337811723088 NA NA NA NA NA 0 528
17 72606026 72619897 CD300E 0.000244206017368787 NA NA NA NA NA 0 577
17 72517313 72527613 CD300LB 0.000887312138463704 NA NA NA NA NA 0 579
17 72690452 72709117 CD300LF 0.000413550790174551 NA NA NA NA NA 0 558
17 7482785 7485429 CD68 0.00560040826244478 NA NA NA NA NA 0 472
17 80272744 80275478 CD7 0.0207984020471281 NA NA NA NA NA 0 119
17 62006100 62009714 CD79B 0.00027173733911072 NA NA NA NA NA 0 204
17 16245848 16256970 CENPV 0.000533057661097562 NA NA NA NA NA 0 300
17 48541857 48546327 CHAD 0.00307110914157659 NA NA NA NA NA 0 456
17 6977856 6983626 CLEC10A 0.000798733279938575 NA NA NA NA NA 0 550
17 57697219 57773671 CLTC 0.000159457824185713 NA NA NA NA NA 0 125
17 40118759 40131428 CNP 0.00414186701982609 NA NA NA NA NA 0 229
17 40947165 40950722 COA3 0.000603855251082765 NA NA NA NA NA 0 187
17 48260650 48278993 COL1A1 0.000661983082895078 NA NA NA NA NA 0 470
17 28705923 28797007 CPD 0.00106329226797365 NA NA NA NA NA 0 131
17 1323983 1366456 CRK 0.0020944855864203 NA NA NA NA NA 0 694
17 38171614 38174066 CSF3 0.00118116285821571 NA NA NA NA NA 0 258
17 80196899 80231607 CSNK1D 0.000577192336676923 NA NA NA NA NA 0 430
17 4636821 4643217 CXCL16 0.0378305420259597 NA NA NA NA NA 0 471
17 4046462 4090605 CYB5D2 0.0383621702911519 NA NA NA NA NA 0 505
17 74523438 74547257 CYGB 0.000370955297381805 NA NA NA NA NA 0 588
17 79993012 79995608 DCXR 0.00874221074108259 NA NA NA NA NA 0 465
17 40253422 40268985 DHX58 0.0236712868824149 NA NA NA NA NA 0 231
17 41561233 41621831 DHX8 0.000549579121576857 NA NA NA NA NA 0 205
17 7093209 7123021 DLG4 0.00247374369444289 NA NA NA NA NA 0 540
17 48067369 48072588 DLX3 0.00108223383221421 NA NA NA NA NA 0 493
17 48046334 48052321 DLX4 0.00130178140413056 NA NA NA NA NA 0 490
17 41843489 41856356 DUSP3 0.000594928677585281 NA NA NA NA NA 0 221
17 7128660 7137864 DVL2 0.00180026471038714 NA NA NA NA NA 0 557
17 56160776 56172897 DYNLL2 0.00214229883233248 NA NA NA NA NA 0 379
17 7608520 7614696 EFNB3 0.000996020593622681 NA NA NA NA NA 0 479
17 7476024 7482323 EIF4A1 0.00123980157091317 NA NA NA NA NA 0 488
17 78109013 78120982 EIF4A3 0.0010936367825032 NA NA NA NA NA 0 742
17 7210318 7215774 EIF5A 0.00142930729015995 NA NA NA NA NA 0 533
17 77071021 77084681 ENGASE 0.164102177442103 NA NA NA NA NA 0 766
17 4851387 4860426 ENO3 0.0506644991480184 NA NA NA NA NA 0 475
17 77704681 77738304 ENPP7 0.332062010374839 NA NA NA NA NA 0 674
17 79202077 79212891 ENTHD2 0.0029991385208333 NA NA NA NA NA 0 486
17 37844167 37886679 ERBB2 8.40284296337495e-05 NA NA NA NA NA 0 271
17 62116502 62208179 ERN1 0.000466401324695451 NA NA NA NA NA 0 239
17 74000583 74023533 EVPL 0.000515359324580711 NA NA NA NA NA 0 429
17 42430583 42441243 FAM171A2 0.00105646881139421 NA NA NA NA NA 0 248
17 66531254 66597530 FAM20A 0.0181001402867676 NA NA NA NA NA 0 412
17 80036214 80056208 FASN 0.00835519045870151 NA NA NA NA NA 0 468
17 18148150 18162230 FLII 0.00268307696427924 NA NA NA NA NA 0 232
17 78075355 78093678 GAA 0.100192454555634 NA NA NA NA NA 0 732
17 7143333 7146089 GABARAP 0.00177150420919385 NA NA NA NA NA 0 539
17 73747675 73761792 GALK1 0.00106851902204933 NA NA NA NA NA 0 384
17 9813926 10101868 GAS7 0.000370460632882027 NA NA NA NA NA 0 771
17 42982376 42994305 GFAP 0.000340957606239759 NA NA NA NA NA 0 218
17 73232694 73258444 GGA3 0.00042500289182468 NA NA NA NA NA 0 427
17 61994560 61996179 GH1 0.000866455338278954 NA NA NA NA NA 0 195
17 61957578 61959295 GH2 0.000681861183589226 NA NA NA NA NA 0 192
17 40340817 40346531 GHDC 0.000172459543467094 NA NA NA NA NA 0 228
17 47035916 47045958 GIP 0.000455781406547026 NA NA NA NA NA 0 295
17 4692254 4693685 GLTPD2 0.0309374118942801 NA NA NA NA NA 0 468
17 47280153 47287936 GNGT2 0.00207237852350591 NA NA NA NA NA 0 362
17 28804380 28854610 GOSR1 0.00101365334853015 NA NA NA NA NA 0 153
17 45000483 45105003 GOSR2 0.00064101550927788 NA NA NA NA NA 0 183
17 4835592 4838325 GP1BA 0.0195982155878943 NA NA NA NA NA 0 483
17 72363546 72368761 GPR142 0.0015657111356666 NA NA NA NA NA 0 632
17 18923986 18950950 GRAP 0.00167693447656419 NA NA NA NA NA 0 232
17 73314157 73401790 GRB2 0.000338237647340248 NA NA NA NA NA 0 425
17 37894180 37903544 GRB7 0.000426242490668207 NA NA NA NA NA 0 271
17 42422614 42430470 GRN 0.0174162602218064 NA NA NA NA NA 0 240
17 43224684 43229468 HEXIM1 0.00384491550148232 NA NA NA NA NA 0 237
17 43238067 43247407 HEXIM2 0.00485760592687407 NA NA NA NA NA 0 239
17 79650356 79670168 HGS 0.000635879938288965 NA NA NA NA NA 0 515
17 73131343 73164376 HN1 0.000513619830523603 NA NA NA NA NA 0 448
17 13399006 13505244 HS3ST3A1 0.000957916177191562 NA NA NA NA NA 0 746
17 14204400 14252721 HS3ST3B1 0.00182780378990799 NA NA NA NA NA 0 16
17 40701232 40707231 HSD17B1 0.000408967248085048 NA NA NA NA NA 0 214
17 62079954 62097994 ICAM2 0.000860588991711981 NA NA NA NA NA 0 215
17 73008765 73017356 ICT1 0.000422144967448367 NA NA NA NA NA 0 487
17 38599702 38613983 IGFBP4 0.00200579229631239 NA NA NA NA NA 0 229
17 74708919 74722866 JMJD6 0.00127061959973216 NA NA NA NA NA 0 627
17 39775692 39943183 JUP 0.000126921156668489 NA NA NA NA NA 0 265
17 40265126 40277610 KAT2A 0.00162807335922327 NA NA NA NA NA 0 221
17 4901243 4931696 KIF1C 0.00079007971232026 NA NA NA NA NA 0 492
17 66031635 66042958 KPNA2 0.00456673359064851 NA NA NA NA NA 0 412
17 45726842 45762871 KPNB1 0.000838063406180799 NA NA NA NA NA 0 199
17 39766030 39772151 KRT16 0.00103896036365506 NA NA NA NA NA 0 262
17 39775689 39781094 KRT17 0.000987967256506325 NA NA NA NA NA 0 258
17 39679869 39684560 KRT19 0.000579229432607919 NA NA NA NA NA 0 277
17 39032193 39041479 KRT20 0.00322289581142511 NA NA NA NA NA 0 294
17 76967320 76976191 LGALS3BP 0.024497958282983 NA NA NA NA NA 0 844
17 25956824 25976586 LGALS9 0.00998990985617057 NA NA NA NA NA 0 15
17 56295909 56345879 LPO 0.0356818373876686 NA NA NA NA NA 0 340
17 44588877 44633016 LRRC37A2 0.000404136652780855 NA NA NA NA NA 0 170
17 48452420 48474914 LRRC59 0.0018432334878467 NA NA NA NA NA 0 469
17 79876146 79885590 MAFG 0.000330708291349799 NA NA NA NA NA 0 487
17 21187984 21218552 MAP2K3 0.003418211345963 NA NA NA NA NA 0 287
17 11924141 12047147 MAP2K4 0.000287430983940856 NA NA NA NA NA 0 589
17 67410839 67539472 MAP2K6 0.000504237344948271 NA NA NA NA NA 0 393
17 61699775 61773663 MAP3K3 0.00125014879964746 NA NA NA NA NA 0 233
17 43971748 44105700 MAPT 0.000523314187252846 NA NA NA NA NA 0 203
17 37560538 37607539 MED1 0.000700377377457694 NA NA NA NA NA 0 277
17 19286755 19290553 MFAP4 0.0198680985168976 NA NA NA NA NA 0 104
17 56347217 56358296 MPO 0.0864411447763763 NA NA NA NA NA 0 303
17 60704762 60770958 MRC2 0.0421469488539845 NA NA NA NA NA 0 105
17 74668633 74707098 MXRA7 0.0465652216068322 NA NA NA NA NA 0 631
17 40688190 40696467 NAGLU 0.174858923514844 NA NA NA NA NA 0 74
17 42081914 42086431 NAGS 0.000366252610889734 NA NA NA NA NA 0 219
17 41322498 41363708 NBR1 0.00120465694683249 NA NA NA NA NA 0 197
17 7218947 7232712 NEURL4 0.00109123823091227 NA NA NA NA NA 0 546
17 46125691 46138849 NFE2L1 0.000831487931109444 NA NA NA NA NA 0 199
17 47572655 47592379 NGFR 0.000266019669603874 NA NA NA NA NA 0 434
17 7308193 7323179 NLGN2 0.000921189438498453 NA NA NA NA NA 0 529
17 5402747 5522744 NLRP1 0.00112589763545428 NA NA NA NA NA 0 575
17 49230897 49239789 NME1 0.00062383955756846 NA NA NA NA NA 0 401
17 49230951 49249105 NME2 0.0101843873644642 NA NA NA NA NA 0 399
17 43128978 43186384 NMT1 0.00142820117503153 NA NA NA NA NA 0 240
17 54671060 54672951 NOG 0.0352364286840336 NA NA NA NA NA 0 87
17 79910388 79919716 NOTUM 0.0149231736077876 NA NA NA NA NA 0 66
17 79523913 79615495 NPLOC4 0.000524338738926554 NA NA NA NA NA 0 523
17 78440948 78451643 NPTX1 0.0991958287766527 NA NA NA NA NA 0 583
17 38249040 38256978 NR1D1 0.000543029633260611 NA NA NA NA NA 0 257
17 44668035 44834830 NSF 0.00686968569690503 NA NA NA NA NA 0 15
17 73126320 73127890 NT5C 0.0671623284869324 NA NA NA NA NA 0 15
17 17206649 17250977 NT5M 0.00695144572994321 NA NA NA NA NA 0 290
17 8924859 9147317 NTN1 0.105616700664592 NA NA NA NA NA 0 708
17 47653220 47661189 NXPH3 0.000431713333353653 NA NA NA NA NA 0 444
17 29599031 29624557 OMG 0.00603543186875251 NA NA NA NA NA 0 15
17 1945327 1946724 OVCA2 0.00387489863641537 NA NA NA NA NA 0 682
17 79801035 79818570 P4HB 0.0132932839878128 NA NA NA NA NA 0 502
17 48172101 48189516 PDK2 0.000354259777424051 NA NA NA NA NA 0 489
17 36921942 36956379 PIP4K2B 0.000923677298620687 NA NA NA NA NA 0 333
17 1421012 1466110 PITPNA 0.00137290824104138 NA NA NA NA NA 0 706
17 37219556 37310647 PLXDC1 0.00122155723434982 NA NA NA NA NA 0 281
17 37824234 37826728 PNMT 0.000358515214989756 NA NA NA NA NA 0 256
17 46018872 46025654 PNPO 0.00100229900883696 NA NA NA NA NA 0 201
17 58677544 58741849 PPM1D 9.09076377087447e-05 NA NA NA NA NA 0 230
17 42018172 42019836 PPY 0.00137447938325685 NA NA NA NA NA 0 222
17 64298754 64806861 PRKCA 0.00513771342788737 NA NA NA NA NA 0 550
17 74305567 74380602 PRPSAP1 0.00427995659891041 NA NA NA NA NA 0 528
17 18743398 18834581 PRPSAP2 0.0015631550044194 NA NA NA NA NA 0 18
17 36908989 36920484 PSMB3 7.26401369979911e-05 NA NA NA NA NA 0 335
17 4699439 4701790 PSMB6 0.00108692029903521 NA NA NA NA NA 0 470
17 30771279 30810336 PSMD11 0.00131505584528227 NA NA NA NA NA 0 418
17 40976402 40995774 PSME3 0.00061148652943734 NA NA NA NA NA 0 188
17 57751997 57784987 PTRH2 0.000531838929318621 NA NA NA NA NA 0 127
17 79890260 79900288 PYCR1 0.000585034153751541 NA NA NA NA NA 0 489
17 42030106 42081837 PYY 0.00579676657781663 NA NA NA NA NA 0 235
17 40276994 40311269 RAB5C 0.000634649395460419 NA NA NA NA NA 0 228
17 79989500 79992080 RAC3 0.000828522898031804 NA NA NA NA NA 0 474
17 9799637 9808938 RCVRN 9.34117930507957e-05 NA NA NA NA NA 0 684
17 33333009 33416338 RFFL 0.000457317343746493 NA NA NA NA NA 0 438
17 80005778 80009707 RFNG 0.000937764681287511 NA NA NA NA NA 0 454
17 56429861 56494956 RNF43 0.000767349638096783 NA NA NA NA NA 0 337
17 57970447 58027925 RPS6KB1 0.000321216183681786 NA NA NA NA NA 0 140
17 7529552 7531194 SAT2 0.0304110020048976 NA NA NA NA NA 0 469
17 1537152 1549041 SCARF1 0.106555612661341 NA NA NA NA NA 0 703
17 5112256 5138155 SCIMP 0.000627707120114542 NA NA NA NA NA 0 557
17 10583654 10601692 SCO1 0.000210816078564237 NA NA NA NA NA 0 669
17 26975374 26989207 SDF2 0.0266909512413024 NA NA NA NA NA 0 215
17 80278900 80291950 SECTM1 0.0204840209802852 NA NA NA NA NA 0 409
17 1665253 1680868 SERPINF1 0.055047341728773 NA NA NA NA NA 0 719
17 1646130 1658562 SERPINF2 0.0277575659261371 NA NA NA NA NA 0 732
17 7517382 7536700 SHBG 0.028313647182337 NA NA NA NA NA 0 480
17 18231187 18266856 SHMT1 0.188078791955953 NA NA NA NA NA 0 210
17 80186273 80219005 SLC16A3 0.000645831624371333 NA NA NA NA NA 0 440
17 78193498 78227299 SLC26A11 0.0010918458100255 NA NA NA NA NA 0 715
17 62538413 62739428 SMURF2 0.000550600718558267 NA NA NA NA NA 0 346
17 76352864 76356158 SOCS3 0.000737196712845913 NA NA NA NA NA 0 845
17 36508111 36556020 SOCS7 0.000347268279133879 NA NA NA NA NA 0 367
17 41831099 41836156 SOST 0.000725628531213982 NA NA NA NA NA 0 216
17 31297394 31324895 SPACA3 0.0010149191433411 NA NA NA NA NA 0 469
17 48620419 48633213 SPATA20 0.0556443310004777 NA NA NA NA NA 0 438
17 74372665 74383941 SPHK1 0.00629644515687344 NA NA NA NA NA 0 535
17 47676246 47755596 SPOP 0.000667203225066011 NA NA NA NA NA 0 480
17 74620843 74639920 ST6GALNAC1 0.00030056608178367 NA NA NA NA NA 0 599
17 74559792 74583038 ST6GALNAC2 0.000716822078092709 NA NA NA NA NA 0 584
17 40465342 40540586 STAT3 0.0146476236292412 NA NA NA NA NA 0 235
17 40351186 40428725 STAT5B 0.000574458842280339 NA NA NA NA NA 0 228
17 9153788 9479908 STX8 0.00158545997631364 NA NA NA NA NA 0 732
17 73163408 73179078 SUMO2 0.00112772174279264 NA NA NA NA NA 0 446
17 47915671 47925379 TAC4 0.000784078580024172 NA NA NA NA NA 0 482
17 61678231 61685725 TACO1 0.000466948188411402 NA NA NA NA NA 0 234
17 34136459 34191634 TAF15 0.00114674369647249 NA NA NA NA NA 0 345
17 3566196 3571976 TAX1BP3 0.00519910460584242 NA NA NA NA NA 0 645
17 38214543 38250120 THRA 0.000764038331408419 NA NA NA NA NA 0 267
17 76849059 76921469 TIMP2 0.0050983849885945 NA NA NA NA NA 0 805
17 76170160 76183314 TK1 0.00079053359159047 NA NA NA NA NA 0 781
17 41363854 41372061 TMEM106A 0.00178173104801734 NA NA NA NA NA 0 193
17 42264338 42269099 TMUB2 0.000541421433595898 NA NA NA NA NA 0 232
17 16832849 16875432 TNFRSF13B 0.0005480922138459 NA NA NA NA NA 0 273
17 7452208 7464925 TNFSF12 0.0651942777446838 NA NA NA NA NA 0 484
17 38632080 38657849 TNS4 0.000324218505683668 NA NA NA NA NA 0 237
17 52976748 53039310 TOM1L1 0.000537157046941818 NA NA NA NA NA 0 356
17 17746828 17875736 TOM1L2 0.000327144297761862 NA NA NA NA NA 0 281
17 7565097 7590856 TP53 0.00106032105047578 NA NA NA NA NA 0 486
17 27893070 27900175 TP53I13 0.000323888860413049 NA NA NA NA NA 0 135
17 27071002 27077974 TRAF4 0.000390908444695502 NA NA NA NA NA 0 224
17 16284112 16286059 UBB 0.000511145820873702 NA NA NA NA NA 0 300
17 4172554 4269923 UBE2G1 0.00107230345483531 NA NA NA NA NA 0 542
17 80332153 80333462 UTS2R 0.000773858675005655 NA NA NA NA NA 0 403
17 8062467 8066864 VAMP2 0.000408675650222535 NA NA NA NA NA 0 434
17 41166622 41177140 VAT1 0.00249064956365119 NA NA NA NA NA 0 199
17 40925454 40931617 VPS25 0.000537233616425257 NA NA NA NA NA 0 193
17 26691290 26700110 VTN 0.550653626573477 NA NA NA NA NA 0 243
17 73841780 73852588 WBP2 0.00194103773292885 NA NA NA NA NA 0 361
17 48912011 48919709 WFIKKN2 0.0975079488184388 NA NA NA NA NA 0 483
17 7191571 7197934 YBX2 0.00138263409721589 NA NA NA NA NA 0 536
17 1247566 1303672 YWHAE 0.00116476672957331 NA NA NA NA NA 0 702
17 11880756 11900827 ZNF18 0.000572267866307529 NA NA NA NA NA 0 576
17 38024417 38034149 ZPBP2 0.00011427777060054 NA NA NA NA NA 0 264
