chr p0 p1 gene R2 Zscore.classic p.classic beta_alt se_alt p_alt n_used_snp n_snp
12 9220260 9268825 A2M 0.000990790134813155 NA NA NA NA NA 0 64
12 8975068 9039597 A2ML1 0.00123904986909408 NA NA NA NA NA 0 17
12 121163538 121177811 ACADS 0.000856743613769733 NA NA NA NA NA 0 272
12 52345451 52390862 ACVR1B 0.00040497666065365 NA NA NA NA NA 0 433
12 52300692 52317145 ACVRL1 0.0240895242060165 NA NA NA NA NA 0 422
12 58118980 58135940 AGAP2 0.000894815365467441 NA NA NA NA NA 0 242
12 112204691 112247782 ALDH2 0.00804300912359766 NA NA NA NA NA 0 122
12 109525996 109531436 ALKBH2 0.000929266294326065 NA NA NA NA NA 0 329
12 47469490 47473734 AMIGO2 0.0125353289692375 NA NA NA NA NA 0 339
12 110810705 110841535 ANAPC7 0.000968210861809666 NA NA NA NA NA 0 172
12 99038919 99129204 APAF1 0.000319885641589241 NA NA NA NA NA 0 335
12 56754353 56756607 APOF 0.028614709533582 NA NA NA NA NA 0 238
12 49329506 49351334 ARF3 0.000763358324969839 NA NA NA NA NA 0 222
12 15094951 15114662 ARHGDIB 0.000819515707954515 NA NA NA NA NA 0 310
12 58003963 58013162 ARHGEF25 0.0103323779222015 NA NA NA NA NA 0 213
12 101786898 101801598 ARL1 0.00104112881986175 NA NA NA NA NA 0 366
12 110872630 110888227 ARPC3 0.000642034355611048 NA NA NA NA NA 0 171
12 14978503 14996429 ART4 0.369998395668371 NA NA NA NA NA 0 317
12 57031959 57039798 ATP5B 0.00044164588177583 NA NA NA NA NA 0 234
12 122688090 122693499 B3GNT4 0.00112385094812737 NA NA NA NA NA 0 231
12 58017193 58027138 B4GALNT1 0.000305637389736124 NA NA NA NA NA 0 231
12 53693470 53700961 C12orf10 0.0014986243572284 NA NA NA NA NA 0 341
12 49726200 49730971 C1QL4 0.0004480577288562 NA NA NA NA NA 0 253
12 7187513 7245203 C1R 0.00676425716806662 NA NA NA NA NA 0 191
12 7242183 7261869 C1RL 0.0126020923333884 NA NA NA NA NA 0 187
12 7096351 7180195 C1S 0.0167435951134898 NA NA NA NA NA 0 230
12 67663061 67713731 CAND1 0.000540650258394345 NA NA NA NA NA 0 400
12 54624724 54673886 CBX5 0.000545110757902738 NA NA NA NA NA 0 305
12 120427673 120532298 CCDC64 0.000888642417455783 NA NA NA NA NA 0 335
12 7623409 7656489 CD163 0.000719406918696748 NA NA NA NA NA 0 65
12 6554033 6560884 CD27 0.000446593860506043 NA NA NA NA NA 0 374
12 6896024 6929974 CD4 0.00130481817472676 NA NA NA NA NA 0 281
12 56119107 56123491 CD63 0.000360933770551833 NA NA NA NA NA 0 257
12 9905082 9913497 CD69 0.00220869768167481 NA NA NA NA NA 0 201
12 6308881 6347425 CD9 0.000872052175196694 NA NA NA NA NA 0 456
12 123745528 123756881 CDK2AP1 0.000350156974757097 NA NA NA NA NA 0 219
12 12867992 12875305 CDKN1B 0.00204005832222388 NA NA NA NA NA 0 568
12 51722227 51740463 CELA1 0.000751413248047262 NA NA NA NA NA 0 311
12 50523575 50561288 CERS5 0.000552556753935424 NA NA NA NA NA 0 187
12 133398773 133532890 CHFR 0.000310624450898377 NA NA NA NA NA 0 265
12 104849073 105155792 CHST11 0.0709262354908282 NA NA NA NA NA 0 472
12 106631655 106698057 CKAP4 0.000366993477334941 NA NA NA NA NA 0 378
12 10103915 10148293 CLEC12A 0.568088810936372 NA NA NA NA NA 0 229
12 10138241 10166023 CLEC1B 0.014377648738414 NA NA NA NA NA 0 233
12 10051272 10084980 CLEC2A 0.000955134396878455 NA NA NA NA NA 0 234
12 10005583 10022735 CLEC2B 0.00119897537045726 NA NA NA NA NA 0 223
12 9817565 9848413 CLEC2D 0.000368512053763024 NA NA NA NA NA 0 180
12 7882011 7904201 CLEC4C 0.00615486739588346 NA NA NA NA NA 0 20
12 10269376 10282857 CLEC7A 0.000448968398562403 NA NA NA NA NA 0 236
12 7282294 7311541 CLSTN3 0.000245657944331288 NA NA NA NA NA 0 172
12 41086244 41466220 CNTN1 0.0428141522771588 NA NA NA NA NA 0 292
12 48366748 48398269 COL2A1 0.282847488543347 NA NA NA NA NA 0 334
12 69235977 69365350 CPM 0.010362181405447 NA NA NA NA NA 0 416
12 94071151 94288616 CRADD 0.00252164026420625 NA NA NA NA NA 0 538
12 56665483 56694176 CS 0.000489308341869031 NA NA NA NA NA 0 220
12 77252495 77272840 CSRP2 0.000502563762719097 NA NA NA NA NA 0 383
12 109252708 109294819 DAO 0.000300639792045333 NA NA NA NA NA 0 343
12 91539025 91576900 DCN 0.00118013705981109 NA NA NA NA NA 0 283
12 2055220 2113701 DCP1B 0.00097805870530757 NA NA NA NA NA 0 563
12 57923885 57941114 DCTN2 0.00110262993393939 NA NA NA NA NA 0 224
12 57910371 57914300 DDIT3 0.000721595950532667 NA NA NA NA NA 0 224
12 49223547 49246625 DDX23 0.000226090213699121 NA NA NA NA NA 0 223
12 123237321 123255611 DENR 0.00119451055111026 NA NA NA NA NA 0 187
12 49483204 49488602 DHH 0.000647187594919261 NA NA NA NA NA 0 239
12 122692210 122712081 DIABLO 0.000491627040871052 NA NA NA NA NA 0 230
12 113494514 113535833 DTX1 0.000367632713053407 NA NA NA NA NA 0 329
12 12628829 12715317 DUSP16 0.00117613583575465 NA NA NA NA NA 0 599
12 89741009 89747048 DUSP6 0.000853237885953864 NA NA NA NA NA 0 216
12 120907653 120936296 DYNLL1 0.00200552531839829 NA NA NA NA NA 0 276
12 93164413 93323107 EEA1 0.00137081096862438 NA NA NA NA NA 0 436
12 104697517 104698980 EID3 0.00120853913526072 NA NA NA NA NA 0 403
12 124104953 124118313 EIF2B1 0.00246829652338818 NA NA NA NA NA 0 355
12 53399942 53435993 EIF4B 0.00161448070679527 NA NA NA NA NA 0 401
12 96588160 96663613 ELK3 0.000603133938126577 NA NA NA NA NA 0 391
12 48103517 48119350 ENDOU 0.00250334057800264 NA NA NA NA NA 0 322
12 7022909 7032861 ENO2 0.0111964253855975 NA NA NA NA NA 0 125
12 91357456 91398803 EPYC 0.0004014211545235 NA NA NA NA NA 0 255
12 56473641 56497289 ERBB3 0.00748193092755778 NA NA NA NA NA 0 219
12 15066969 15092016 ERP27 0.000304666133709856 NA NA NA NA NA 0 318
12 112451120 112461255 ERP29 0.000803068808137433 NA NA NA NA NA 0 140
12 22778009 22843599 ETNK1 0.000453763226631616 NA NA NA NA NA 0 343
12 62102040 62672931 FAM19A2 0.000590842418544063 NA NA NA NA NA 0 380
12 4477393 4488894 FGF23 0.00133352362489907 NA NA NA NA NA 0 649
12 4537321 4554780 FGF6 0.00120420750160749 NA NA NA NA NA 0 654
12 2904119 2914576 FKBP4 0.00590370044212895 NA NA NA NA NA 0 686
12 2966847 2986206 FOXM1 0.00189253558846924 NA NA NA NA NA 0 641
12 69864129 69973562 FRS2 0.000617671384281236 NA NA NA NA NA 0 345
12 130647004 130650285 FZD10 0.00119843808887701 NA NA NA NA NA 0 773
12 10365057 10375727 GABARAPL1 0.00179243226456987 NA NA NA NA NA 0 246
12 6643093 6647537 GAPDH 0.00202890964420956 NA NA NA NA NA 0 341
12 56137064 56150911 GDF11 0.000824169794090668 NA NA NA NA NA 0 259
12 7842378 7848372 GDF3 0.00039664610282469 NA NA NA NA NA 0 34
12 75874460 75897633 GLIPR1 0.00441868160649632 NA NA NA NA NA 0 337
12 110288748 110318293 GLTP 0.000753063010152789 NA NA NA NA NA 0 195
12 65107225 65153227 GNS 0.00112736687140159 NA NA NA NA NA 0 295
12 50497602 50505102 GPD1 0.00107362052403687 NA NA NA NA NA 0 181
12 42475647 42538681 GXYLT1 0.0910818548159884 NA NA NA NA NA 0 295
12 123185840 123187890 HCAR2 0.000628271942460482 NA NA NA NA NA 0 195
12 13127798 13153207 HEBP1 0.118565488566262 NA NA NA NA NA 0 453
12 66217911 66360075 HMGA2 0.000197394159986998 NA NA NA NA NA 0 376
12 121416346 121440315 HNF1A 0.000426570273113349 NA NA NA NA NA 0 270
12 54673977 54680872 HNRNPA1 0.000931396552478686 NA NA NA NA NA 0 312
12 122277433 122301502 HPD 0.00111928563296682 NA NA NA NA NA 0 278
12 117293949 117319246 HRK 0.000919987877810763 NA NA NA NA NA 0 510
12 104323885 104347423 HSP90B1 0.240361198572804 NA NA NA NA NA 0 422
12 21507893 21532912 IAPP 0.00215738589638133 NA NA NA NA NA 0 337
12 68548548 68553527 IFNG 0.000148692988707457 NA NA NA NA NA 0 421
12 102789645 102874423 IGF1 0.00396646578431731 NA NA NA NA NA 0 369
12 53491220 53496129 IGFBP6 0.00309416624586654 NA NA NA NA NA 0 382
12 68642022 68647387 IL22 0.00204491267805849 NA NA NA NA NA 0 20
12 68595131 68619601 IL26 0.000441029753214728 NA NA NA NA NA 0 441
12 122656577 122658746 IL31 0.000451386685870356 NA NA NA NA NA 0 230
12 6759446 6772314 ING4 0.000424090840980053 NA NA NA NA NA 0 313
12 57828543 57844611 INHBC 0.614805430383899 NA NA NA NA NA 0 223
12 44152747 44183346 IRAK4 0.00305269877963021 NA NA NA NA NA 0 232
12 108956358 108963160 ISCU 0.000963560258531395 NA NA NA NA NA 0 335
12 54789045 54813244 ITGA5 0.000496744308365253 NA NA NA NA NA 0 308
12 53585102 53601091 ITGB7 0.000800887419190494 NA NA NA NA NA 0 370
12 91444268 91451760 KERA 0.000546766245247316 NA NA NA NA NA 0 276
12 13197218 13295455 KIAA1467 0.00188162379776568 NA NA NA NA NA 0 517
12 88886570 88974628 KITLG 0.000713906235387529 NA NA NA NA NA 0 210
12 9747147 9760482 KLRB1 0.00601957508829308 NA NA NA NA NA 0 157
12 10594863 10607284 KLRC1 0.000834533338657728 NA NA NA NA NA 0 276
12 10564911 10573194 KLRC3 0.000735925265275621 NA NA NA NA NA 0 265
12 10559983 10562356 KLRC4 0.000591695793090908 NA NA NA NA NA 0 271
12 9980077 9997606 KLRF1 0.000662836281263287 NA NA NA NA NA 0 228
12 10524952 10544473 KLRK1 0.000877126593178806 NA NA NA NA NA 0 265
12 53068520 53074191 KRT1 0.0103922162891278 NA NA NA NA NA 0 383
12 53342655 53346685 KRT18 0.000333318008606797 NA NA NA NA NA 0 384
12 52908359 52914471 KRT5 0.0130204389599136 NA NA NA NA NA 0 391
12 52626304 52645970 KRT7 0.000561906408707245 NA NA NA NA NA 0 437
12 52979373 52995322 KRT72 0.000834735503982705 NA NA NA NA NA 0 397
12 55024595 55028679 LACRT 0.00130365234841951 NA NA NA NA NA 0 139
12 6881678 6887621 LAG3 0.0116470887502127 NA NA NA NA NA 0 281
12 21788276 21910791 LDHB 0.00489351041663107 NA NA NA NA NA 0 292
12 51441745 51454207 LETMD1 0.000427725014257868 NA NA NA NA NA 0 233
12 71833550 71980090 LGR5 0.00486695304877208 NA NA NA NA NA 0 334
12 50569571 50677329 LIMA1 0.00190377362303878 NA NA NA NA NA 0 208
12 81186299 81331704 LIN7A 0.000598080800720516 NA NA NA NA NA 0 226
12 59265931 59314303 LRIG3 0.15902856739659 NA NA NA NA NA 0 23
12 25173936 25261268 LRMP 0.000296565102680683 NA NA NA NA NA 0 492
12 57522276 57607134 LRP1 0.000301122976061226 NA NA NA NA NA 0 222
12 40590546 40763087 LRRK2 0.000945730181546412 NA NA NA NA NA 0 235
12 1929433 1945918 LRTM2 0.00108420431736073 NA NA NA NA NA 0 560
12 96394606 96437298 LTA4H 0.00260141062215975 NA NA NA NA NA 0 355
12 6484211 6500733 LTBR 0.00121690704014848 NA NA NA NA NA 0 394
12 91496406 91505608 LUM 0.0311169870626067 NA NA NA NA NA 0 236
12 69742121 69748014 LYZ 0.122196892565912 NA NA NA NA NA 0 360
12 10758612 10766222 MAGOHB 0.00268259340996318 NA NA NA NA NA 0 311
12 12482198 12503475 MANSC1 0.0207133142459944 NA NA NA NA NA 0 565
12 27915671 27924209 MANSC4 0.095228967557048 NA NA NA NA NA 0 307
12 112279782 112334343 MAPKAPK5 0.000240165791562539 NA NA NA NA NA 0 20
12 68666223 68726161 MDM1 0.00114770122019404 NA NA NA NA NA 0 432
12 69201956 69239214 MDM2 0.000403304402995885 NA NA NA NA NA 0 402
12 95867296 95909615 METAP2 0.000839282007614048 NA NA NA NA NA 0 491
12 58162254 58166576 METTL1 0.000459951106018709 NA NA NA NA NA 0 244
12 86372516 87232681 MGAT4C 0.00070590239434516 NA NA NA NA NA 0 168
12 15034115 15038860 MGP 0.0318593917078974 NA NA NA NA NA 0 305
12 121124672 121139667 MLEC 0.000474274098969009 NA NA NA NA NA 0 262
12 109991542 110011679 MMAB 0.0581897815534341 NA NA NA NA NA 0 235
12 132312938 132336328 MMP17 0.000381263362794839 NA NA NA NA NA 0 519
12 56229217 56236750 MMP19 0.0110029896835915 NA NA NA NA NA 0 243
12 65672423 65882024 MSRB3 0.000307684520797759 NA NA NA NA NA 0 347
12 55224303 55252177 MUCL1 0.000387366452670888 NA NA NA NA NA 0 336
12 110011060 110035067 MVK 0.000248653985622874 NA NA NA NA NA 0 230
12 101962131 102079796 MYBPC1 0.00346788832779255 NA NA NA NA NA 0 386
12 56546040 56553431 MYL6B 0.000504566811201418 NA NA NA NA NA 0 231
12 57482677 57489259 NAB2 0.000195608238709192 NA NA NA NA NA 0 215
12 57106212 57125412 NACA 0.00119847436906234 NA NA NA NA NA 0 215
12 76438670 76478813 NAP1L1 0.0003497033443242 NA NA NA NA NA 0 373
12 44902058 45315631 NELL2 0.000559672631729504 NA NA NA NA NA 0 264
12 53900474 53901422 NPFF 0.00076594847913621 NA NA NA NA NA 0 334
12 100867486 100958191 NR1H4 0.00108584346211735 NA NA NA NA NA 0 345
12 52416616 52453291 NR4A1 0.000828913216646892 NA NA NA NA NA 0 441
12 104164231 104234975 NT5DC3 0.0197148305918734 NA NA NA NA NA 0 435
12 5541278 5630702 NTF3 0.0124183975533132 NA NA NA NA NA 0 578
12 96051583 96184930 NTN4 0.0277875250963132 NA NA NA NA NA 0 435
12 86268073 86276770 NTS 0.00101073706245346 NA NA NA NA NA 0 129
12 113344582 113369990 OAS1 0.00251242932156621 NA NA NA NA NA 0 302
12 10310902 10324737 OLR1 0.00679929558512429 NA NA NA NA NA 0 214
12 56498103 56507691 PA2G4 0.00113082838927677 NA NA NA NA NA 0 217
12 3900213 3982608 PARP11 0.00166668260969684 NA NA NA NA NA 0 657
12 79968759 80084877 PAWR 0.00124022789137072 NA NA NA NA NA 0 267
12 20522179 20837315 PDE3A 0.00134643320200636 NA NA NA NA NA 0 455
12 118573663 118583389 PEBP1 0.124636911657139 NA NA NA NA NA 0 59
12 7341281 7371170 PEX5 0.000380578348482583 NA NA NA NA NA 0 163
12 53689075 53693234 PFDN5 0.00147061219821799 NA NA NA NA NA 0 333
12 48498922 48540187 PFKM 0.015355428755976 NA NA NA NA NA 0 305
12 6802958 6809966 PIANP 0.0170827130655532 NA NA NA NA NA 0 306
12 130822432 130857182 PIWIL1 0.00110137903544426 NA NA NA NA NA 0 770
12 32943679 33049774 PKP2 0.00835376418658726 NA NA NA NA NA 0 298
12 120759914 120765592 PLA2G1B 0.000597393034275966 NA NA NA NA NA 0 278
12 14656595 14721283 PLBD1 0.000726784365638942 NA NA NA NA NA 0 340
12 113796371 113827203 PLBD2 0.00121073739132697 NA NA NA NA NA 0 370
12 94542499 94701451 PLXNC1 0.176395160815683 NA NA NA NA NA 0 492
12 56347889 56367101 PMEL 0.0363370129344981 NA NA NA NA NA 0 20
12 111157485 111180744 PPP1CC 0.000922475793660179 NA NA NA NA NA 0 136
12 54969171 54982443 PPP1R1A 0.00110948278863062 NA NA NA NA NA 0 322
12 108126643 108155049 PRDM4 0.000736587655904279 NA NA NA NA NA 0 327
12 57125380 57146157 PRIM1 0.000563443232413532 NA NA NA NA NA 0 213
12 122326637 122356203 PSMD9 0.00859562025238243 NA NA NA NA NA 0 275
12 57057127 57082159 PTGES3 0.000395352228833077 NA NA NA NA NA 0 227
12 28111017 28125638 PTHLH 0.010519689775191 NA NA NA NA NA 0 320
12 112856155 112947717 PTPN11 0.000569560954800999 NA NA NA NA NA 0 189
12 7055631 7070479 PTPN6 0.000149578861184911 NA NA NA NA NA 0 248
12 71031853 71314623 PTPRR 0.000286691694425057 NA NA NA NA NA 0 337
12 132413745 132428406 PUS1 0.000947961846878009 NA NA NA NA NA 0 528
12 9301436 9360966 PZP 0.0319784623673515 NA NA NA NA NA 0 96
12 72148654 72184699 RAB21 0.00293207805710897 NA NA NA NA NA 0 269
12 120532899 120555306 RAB35 0.00042497124467464 NA NA NA NA NA 0 318
12 56367697 56388490 RAB5B 0.000901731150345349 NA NA NA NA NA 0 238
12 50370706 50426919 RACGAP1 0.000692482726946953 NA NA NA NA NA 0 187
12 131356424 131362223 RAN 0.000863232671569299 NA NA NA NA NA 0 727
12 114254543 114404176 RBM19 0.000975536995237719 NA NA NA NA NA 0 510
12 7276280 7281538 RBP5 0.00340735849957009 NA NA NA NA NA 0 173
12 57345219 57353158 RDH16 0.000433300820648153 NA NA NA NA NA 0 215
12 21621845 21654603 RECQL 0.0977438511101996 NA NA NA NA NA 0 18
12 15260717 15501609 RERG 0.000885195169853853 NA NA NA NA NA 0 365
12 49250928 49259681 RND1 0.000136977923018465 NA NA NA NA NA 0 216
12 121837844 121868389 RNF34 0.00121738061281174 NA NA NA NA NA 0 266
12 56598285 56615717 RNF41 0.000331846578467189 NA NA NA NA NA 0 236
12 113860042 113876081 SDSL 0.0279351290993893 NA NA NA NA NA 0 261
12 109015686 109027735 SELPLG 0.0268676234234859 NA NA NA NA NA 0 272
12 57623110 57628718 SHMT2 0.00113949136235322 NA NA NA NA NA 0 202
12 105196331 105352522 SLC41A2 0.000681498910085132 NA NA NA NA NA 0 411
12 51785101 51902980 SLC4A8 0.000554421783875162 NA NA NA NA NA 0 329
12 101549271 101610166 SLC5A8 0.000992683163247089 NA NA NA NA NA 0 387
12 27619743 27655118 SMCO2 0.000824719869359737 NA NA NA NA NA 0 310
12 96252706 96297606 SNRPF 0.00128258994449237 NA NA NA NA NA 0 365
12 103981051 104160505 STAB2 0.000505157292569186 NA NA NA NA NA 0 465
12 57489191 57525922 STAT6 0.0178106472540407 NA NA NA NA NA 0 27
12 131274145 131323811 STX2 0.000882772491617256 NA NA NA NA NA 0 749
12 118814185 118855840 SUDS3 0.000830429790460317 NA NA NA NA NA 0 547
12 56390964 56400425 SUOX 0.000320509021017595 NA NA NA NA NA 0 243
12 6560856 6575683 TAPBPL 0.574229751750664 NA NA NA NA NA 0 378
12 53894705 53900215 TARBP2 0.00174926676337102 NA NA NA NA NA 0 336
12 64845660 64895888 TBK1 0.000348660323789173 NA NA NA NA NA 0 266
12 115108059 115121969 TBX3 0.000746939000962486 NA NA NA NA NA 0 517
12 114791736 114846247 TBX5 0.00138999117097809 NA NA NA NA NA 0 535
12 124155660 124192948 TCTN2 0.000673400130172137 NA NA NA NA NA 0 357
12 3068496 3149839 TEAD4 0.00193466067655519 NA NA NA NA NA 0 714
12 117476728 117537284 TESC 0.132383864383333 NA NA NA NA NA 0 548
12 56810903 56843187 TIMELESS 0.000665114858898766 NA NA NA NA NA 0 234
12 94960900 95044338 TMCC3 0.000544676395263828 NA NA NA NA NA 0 526
12 124069078 124083116 TMED2 0.00103717803459915 NA NA NA NA NA 0 331
12 108983622 108992096 TMEM119 0.000163596073788207 NA NA NA NA NA 0 326
12 125671382 126146917 TMEM132B 0.017114152172362 NA NA NA NA NA 0 722
12 128751948 129192460 TMEM132C 0.000715395863055371 NA NA NA NA NA 0 983
12 129556270 130388211 TMEM132D 0.0844940812268594 NA NA NA NA NA 0 1139
12 10323141 10344400 TMEM52B 0.00120379105373056 NA NA NA NA NA 0 239
12 98909290 98944157 TMPO 0.00147201286917385 NA NA NA NA NA 0 332
12 6437923 6451280 TNFRSF1A 0.00535778885849229 NA NA NA NA NA 0 48
12 6976283 6980112 TPI1 0.00132164923901297 NA NA NA NA NA 0 268
12 120881764 120884215 TRIAP1 0.000552490553877804 NA NA NA NA NA 0 266
12 44187526 44200178 TWF1 0.00182531831003386 NA NA NA NA NA 0 226
12 104609557 104744061 TXNRD1 0.00103621939911049 NA NA NA NA NA 0 416
12 125396150 125401914 UBC 0.00120158624489042 NA NA NA NA NA 0 604
12 93799449 93836038 UBE2N 0.00205690681207391 NA NA NA NA NA 0 441
12 62654119 62811211 USP15 0.0151244472670438 NA NA NA NA NA 0 358
12 6571403 6580153 VAMP1 0.000888931988165426 NA NA NA NA NA 0 375
12 48235320 48336831 VDR 0.000475470706232933 NA NA NA NA NA 0 338
12 110928902 110939922 VPS29 0.000407244222351025 NA NA NA NA NA 0 168
12 118501398 118573831 VSIG10 0.0010479536681375 NA NA NA NA NA 0 508
12 6058040 6233936 VWF 0.0157316067279102 NA NA NA NA NA 0 536
12 65444406 65515346 WIF1 0.00292440402572274 NA NA NA NA NA 0 326
12 108523248 108644314 WSCD2 0.000483642482508631 NA NA NA NA NA 0 369
12 69753483 69784576 YEATS4 0.00135045573184992 NA NA NA NA NA 0 60
12 133707161 133736051 ZNF10 0.000151794171764131 NA NA NA NA NA 0 221
