chr p0 p1 gene R2 Zscore.classic p.classic beta_alt se_alt p_alt n_used_snp n_snp
14 69340860 69446157 ACTN1 0.00187969724014878 NA NA NA NA NA 0 340
14 105190523 105213662 ADSSL1 0.0559558301658704 NA NA NA NA NA 0 418
14 77924213 77935817 AHSA1 0.000799700142991505 NA NA NA NA NA 0 415
14 105235686 105262088 AKT1 0.00165919898670164 NA NA NA NA NA 0 442
14 74523553 74551196 ALDH6A1 0.00920672855133327 NA NA NA NA NA 0 223
14 103388993 103399933 AMN 0.000906257995434159 NA NA NA NA NA 0 277
14 21152336 21167130 ANG 0.276940880750551 NA NA NA NA NA 0 742
14 24028774 24037279 AP1G2 0.018816323708216 NA NA NA NA NA 0 89
14 20923350 20925927 APEX1 0.00201236834205483 NA NA NA NA NA 0 677
14 50359810 50361490 ARF6 0.000566891742398863 NA NA NA NA NA 0 264
14 68086515 68118437 ARG2 0.000660941306351866 NA NA NA NA NA 0 220
14 32545320 32628934 ARHGAP5 0.000507169824848063 NA NA NA NA NA 0 383
14 92524896 92572965 ATXN3 0.0541238911686668 NA NA NA NA NA 0 484
14 104022881 104029168 BAG5 0.000487344880317496 NA NA NA NA NA 0 373
14 75988768 76013358 BATF 0.000438288964501216 NA NA NA NA NA 0 375
14 23767999 23780968 BCL2L2 0.0010258328929516 NA NA NA NA NA 0 602
14 54416454 54425479 BMP4 0.00123610526612527 NA NA NA NA NA 0 359
14 105675623 105781926 BRF1 0.001477276915416 NA NA NA NA NA 0 448
14 23456110 23479375 C14orf93 0.00057861962395423 NA NA NA NA NA 0 657
14 20779527 20801471 CCNB1IP1 0.00128716772496483 NA NA NA NA NA 0 663
14 103398716 103523799 CDC42BPB 0.000584336198017588 NA NA NA NA NA 0 285
14 54863567 54886936 CDKN3 0.000847311443526605 NA NA NA NA NA 0 350
14 35179593 35184029 CFL2 0.00690764824117437 NA NA NA NA NA 0 434
14 93389425 93401638 CHGA 0.0386228643740233 NA NA NA NA NA 0 411
14 102808956 102829253 CINP 0.00198160830799406 NA NA NA NA NA 0 344
14 103985996 103989448 CKB 0.000779246725017208 NA NA NA NA NA 0 382
14 24974559 24977471 CMA1 0.00102155583869227 NA NA NA NA NA 0 441
14 31343720 31364271 COCH 0.0518261527522878 NA NA NA NA NA 0 247
14 105952654 105958604 CRIP1 0.000570086237287088 NA NA NA NA NA 0 394
14 105939299 105946499 CRIP2 0.00285762614479889 NA NA NA NA NA 0 303
14 25042728 25045466 CTSG 0.00171313628665412 NA NA NA NA NA 0 404
14 69517598 69619867 DCAF5 0.000530477946337674 NA NA NA NA NA 0 356
14 101192042 101201539 DLK1 0.0014210419617311 NA NA NA NA NA 0 555
14 31915242 31926716 DTD2 0.00417003942093926 NA NA NA NA NA 0 320
14 21214051 21216539 EDDM3A 0.00222144806596029 NA NA NA NA NA 0 744
14 21236586 21239107 EDDM3B 0.000967249583224944 NA NA NA NA NA 0 760
14 23825611 23834961 EFS 0.00131307543912599 NA NA NA NA NA 0 588
14 67826714 67853233 EIF2S1 0.000324227177989801 NA NA NA NA NA 0 161
14 103799881 103811362 EIF5 0.000691546943234391 NA NA NA NA NA 0 352
14 74424713 74486102 ENTPD5 0.0823569197727825 NA NA NA NA NA 0 229
14 69846848 69865344 ERH 0.000771944607676329 NA NA NA NA NA 0 368
14 53106634 53162618 ERO1L 0.000905405215833952 NA NA NA NA NA 0 325
14 100437786 100610573 EVL 0.0275995400168828 NA NA NA NA NA 0 595
14 35514113 35582336 FAM177A1 0.107456241811881 NA NA NA NA NA 0 364
14 92335756 92414331 FBLN5 0.00617380513531125 NA NA NA NA NA 0 484
14 45584803 45604522 FKBP3 0.000486666934397401 NA NA NA NA NA 0 231
14 85996488 86095034 FLRT2 0.047550190708957 NA NA NA NA NA 0 354
14 29235050 29238870 FOXG1 0.000294327849459466 NA NA NA NA NA 0 290
14 65877310 66210839 FUT8 0.194909702050205 NA NA NA NA NA 0 256
14 69725994 69821183 GALNT16 0.0317975443168547 NA NA NA NA NA 0 372
14 55308726 55369570 GCH1 0.000681742394429591 NA NA NA NA NA 0 326
14 95999840 96011061 GLRX5 0.00110645133308625 NA NA NA NA NA 0 679
14 54941202 54955914 GMFB 0.000375087809901725 NA NA NA NA NA 0 346
14 24701628 24708448 GMPR2 0.0371157776556392 NA NA NA NA NA 0 16
14 53241912 53258386 GNPNAT1 0.00582398515771746 NA NA NA NA NA 0 318
14 59895740 59932060 GPR135 0.000664935587268 NA NA NA NA NA 0 242
14 91698876 91720269 GPR68 0.000691715764536588 NA NA NA NA NA 0 390
14 65405870 65409531 GPX2 0.000389632147680233 NA NA NA NA NA 0 238
14 96829814 96853625 GSKIP 0.000478955818731309 NA NA NA NA NA 0 596
14 77787227 77797940 GSTZ1 0.622921195824717 NA NA NA NA NA 0 444
14 25100160 25103473 GZMB 0.0051173472892182 NA NA NA NA NA 0 411
14 25075686 25078905 GZMH 0.000702153764373854 NA NA NA NA NA 0 407
14 62162231 62214976 HIF1A 0.00108553707691613 NA NA NA NA NA 0 317
14 21677295 21737653 HNRNPC 0.00157525387136104 NA NA NA NA NA 0 765
14 106109389 106111127 IGHG2 0.00276430952347157 NA NA NA NA NA 0 342
14 106090687 106092403 IGHG4 0.00108666058104601 NA NA NA NA NA 0 327
14 23842018 23845612 IL25 0.00079575151690096 NA NA NA NA NA 0 593
14 24630262 24635774 IRF9 0.000610119468907031 NA NA NA NA NA 0 465
14 105607318 105635161 JAG2 0.00138613067347894 NA NA NA NA NA 0 460
14 24037244 24048009 JPH4 0.00180471781219291 NA NA NA NA NA 0 567
14 104028233 104167888 KLC1 0.00415220836772326 NA NA NA NA NA 0 424
14 55590828 55612126 LGALS3 0.0558012536063684 NA NA NA NA NA 0 15
14 93170152 93215047 LGMN 0.0275424762310967 NA NA NA NA NA 0 372
14 42076773 42373752 LRFN5 0.000366987700587067 NA NA NA NA NA 0 252
14 23340822 23350789 LRP10 0.00685193918069312 NA NA NA NA NA 0 661
14 24780656 24787242 LTB4R 0.000430501745813466 NA NA NA NA NA 0 449
14 103851729 103970168 MARK3 0.0023056969858074 NA NA NA NA NA 0 389
14 65472892 65569413 MAX 0.0164564719306708 NA NA NA NA NA 0 266
14 47308826 48144157 MDGA2 0.210753610161505 NA NA NA NA NA 0 221
14 50087489 50090198 MGAT2 0.00856786459123996 NA NA NA NA NA 0 267
14 23305766 23318236 MMP14 0.000759470623186339 NA NA NA NA NA 0 648
14 23299088 23304246 MRPL52 0.000977706495015207 NA NA NA NA NA 0 653
14 64854749 64926722 MTHFD1 0.0153642940033885 NA NA NA NA NA 0 229
14 24834879 24848810 NFATC4 0.000683896096580762 NA NA NA NA NA 0 448
14 35870717 35873955 NFKBIA 0.000540742779752078 NA NA NA NA NA 0 246
14 52471521 52535712 NID2 0.13388542327845 NA NA NA NA NA 0 390
14 26912299 27066960 NOVA1 0.000324883397124839 NA NA NA NA NA 0 45
14 78708734 80330762 NRXN3 0.0354114073819349 NA NA NA NA NA 0 555
14 94492675 94515276 OTUB2 0.000480176853689631 NA NA NA NA NA 0 558
14 23790498 23795394 PABPN1 0.00120572129690642 NA NA NA NA NA 0 581
14 73704205 73741348 PAPLN 0.000284261276623606 NA NA NA NA NA 0 291
14 56584532 56768244 PELI2 0.000881962268003696 NA NA NA NA NA 0 406
14 75408537 75422487 PGF 0.00125323412706276 NA NA NA NA NA 0 316
14 20937113 20945253 PNP 0.016136813856716 NA NA NA NA NA 0 651
14 50110273 50155140 POLE2 0.00161274238449655 NA NA NA NA NA 0 268
14 19553365 19590078 POTEG 0.00047030577139556 NA NA NA NA NA 0 158
14 19983559 20020272 POTEM 0.000908665301070337 NA NA NA NA NA 0 343
14 60712470 60765805 PPM1A 0.000520280797208161 NA NA NA NA NA 0 163
14 58711549 58738730 PSMA3 0.000332476092133065 NA NA NA NA NA 0 325
14 35747839 35786699 PSMA6 0.000579584168466105 NA NA NA NA NA 0 316
14 23485752 23504439 PSMB5 0.00159305631074664 NA NA NA NA NA 0 648
14 24605367 24608176 PSME1 0.00215823861473565 NA NA NA NA NA 0 464
14 24612574 24616779 PSME2 0.00986392057345928 NA NA NA NA NA 0 466
14 74318547 74353530 PTGR2 0.000399245402439529 NA NA NA NA NA 0 237
14 51324609 51411454 PYGL 0.0123535643033998 NA NA NA NA NA 0 435
14 21927179 21945132 RAB2B 0.00104880049774196 NA NA NA NA NA 0 723
14 23369854 23388393 RBM23 0.00144657563293641 NA NA NA NA NA 0 646
14 21269387 21271437 RNASE1 0.0493357154902177 NA NA NA NA NA 0 670
14 20973696 20979328 RNASE10 0.00146583239573859 NA NA NA NA NA 0 675
14 21500979 21502944 RNASE13 0.000555844611597309 NA NA NA NA NA 0 733
14 21423611 21424595 RNASE2 0.0128204982820264 NA NA NA NA NA 0 625
14 21359558 21360507 RNASE3 0.0966188434385841 NA NA NA NA NA 0 726
14 21152259 21168761 RNASE4 0.0682179048504546 NA NA NA NA NA 0 738
14 21249210 21250626 RNASE6 0.328773068563111 NA NA NA NA NA 0 748
14 94843084 94857030 SERPINA1 0.120341211504921 NA NA NA NA NA 0 595
14 94749650 94759608 SERPINA10 0.24275308498125 NA NA NA NA NA 0 545
14 94908801 94919127 SERPINA11 0.0511500929033332 NA NA NA NA NA 0 641
14 94953611 94984181 SERPINA12 0.133484558230763 NA NA NA NA NA 0 687
14 95078714 95090392 SERPINA3 0.0543409344674166 NA NA NA NA NA 0 684
14 95027428 95036250 SERPINA4 0.14207586396136 NA NA NA NA NA 0 705
14 95027779 95059457 SERPINA5 0.038397782412294 NA NA NA NA NA 0 712
14 94770585 94789731 SERPINA6 0.000930165661380812 NA NA NA NA NA 0 580
14 94929054 94946026 SERPINA9 0.0316501725687066 NA NA NA NA NA 0 654
14 91923955 91976898 SMEK1 0.000375740610924164 NA NA NA NA NA 0 425
14 70320848 70499083 SMOC1 0.034865124284695 NA NA NA NA NA 0 366
14 77972340 78083116 SPTLC2 0.00113576766566394 NA NA NA NA NA 0 425
14 25278862 25519503 STXBP6 0.00149517321043893 NA NA NA NA NA 0 459
14 64319683 64693165 SYNE2 0.000773589819313298 NA NA NA NA NA 0 273
14 70838148 70883778 SYNJ2BP 0.00131378234627852 NA NA NA NA NA 0 322
14 96176304 96180533 TCL1A 0.0175544053806021 NA NA NA NA NA 0 673
14 96152754 96158980 TCL1B 0.000709744613067648 NA NA NA NA NA 0 663
14 90421283 90511106 TDP1 0.000661544232671077 NA NA NA NA NA 0 499
14 76424442 76449334 TGFB3 0.00135897843553512 NA NA NA NA NA 0 475
14 24718320 24733638 TGM1 0.000649632470694991 NA NA NA NA NA 0 455
14 24025216 24029480 THTPA 0.000878273722020585 NA NA NA NA NA 0 559
14 24708849 24711880 TINF2 0.000906409085437448 NA NA NA NA NA 0 461
14 75598173 75643334 TMED10 0.000613768183192391 NA NA NA NA NA 0 335
14 58862634 58875419 TOMM20L 0.000851801768821676 NA NA NA NA NA 0 325
14 21492268 21504435 TPPP2 0.00124911677020385 NA NA NA NA NA 0 738
14 97263641 97398059 VRK1 0.000496826226507002 NA NA NA NA NA 0 582
14 68113792 68141548 VTI1B 0.00121388228211083 NA NA NA NA NA 0 228
14 100800125 100843142 WARS 0.0270275771532492 NA NA NA NA NA 0 550
14 100704635 100749129 YY1 0.000880337536139647 NA NA NA NA NA 0 565
14 74353320 74399214 ZNF410 0.000685137094535741 NA NA NA NA NA 0 218
